0	23
0	124
0	184
0	566
1	4
1	203
1	253
1	284
1	546
2	23
2	184
2	189
2	341
2	517
3	291
3	520
3	594
4	1
4	19
4	25
4	60
4	97
4	103
4	132
4	153
4	154
4	203
4	205
4	211
4	231
4	253
4	267
4	277
4	284
4	318
4	322
4	334
4	335
4	348
4	362
4	365
4	370
4	384
4	410
4	415
4	418
4	429
4	452
4	469
4	472
4	490
4	514
4	527
4	535
4	546
4	555
4	582
4	602
4	607
4	615
4	619
4	627
4	662
4	679
5	32
5	419
5	547
5	587
5	603
6	151
6	237
6	254
6	338
6	438
6	451
6	526
6	565
6	615
6	628
6	632
6	687
7	413
7	417
7	449
7	520
7	611
8	461
8	594
8	612
9	23
9	36
9	76
9	80
9	184
9	510
9	517
10	211
10	324
10	514
11	30
11	130
11	167
11	205
11	211
11	273
11	324
11	333
11	347
11	382
11	389
11	394
11	430
11	452
11	472
11	505
11	514
11	516
11	549
11	555
11	574
11	590
11	596
11	597
11	615
11	625
11	631
11	654
11	665
12	35
12	158
12	594
13	21
13	22
13	34
13	46
13	171
13	197
13	247
13	270
13	279
13	280
13	309
13	470
13	535
13	627
14	110
14	184
14	437
14	663
15	195
15	243
15	312
15	343
15	370
15	477
15	602
15	627
16	23
16	184
16	502
16	517
17	180
17	184
17	459
18	61
18	67
18	72
18	109
18	129
18	152
18	174
18	205
18	207
18	211
18	242
18	262
18	286
18	290
18	297
18	312
18	325
18	340
18	372
18	402
18	452
18	497
18	514
18	535
18	538
18	541
18	582
18	590
18	615
18	627
18	643
18	651
18	662
18	665
18	691
18	693
19	4
19	60
19	153
19	277
19	490
19	546
20	42
20	122
20	158
20	184
20	266
20	288
20	291
20	374
20	395
20	403
20	414
20	461
20	497
20	520
20	535
20	586
20	594
20	615
20	676
21	13
21	22
21	34
21	46
21	57
21	171
21	197
21	247
21	270
21	279
21	280
21	309
21	446
21	470
21	535
21	615
21	627
21	651
22	13
22	21
22	34
22	247
22	270
22	280
22	309
22	470
22	627
23	0
23	2
23	9
23	16
23	24
23	36
23	54
23	71
23	75
23	76
23	80
23	109
23	124
23	138
23	141
23	142
23	150
23	159
23	163
23	176
23	184
23	185
23	187
23	189
23	216
23	257
23	258
23	263
23	264
23	268
23	274
23	282
23	304
23	316
23	320
23	328
23	329
23	340
23	341
23	351
23	353
23	366
23	369
23	381
23	421
23	422
23	443
23	467
23	468
23	484
23	502
23	506
23	510
23	517
23	518
23	536
23	548
23	554
23	562
23	566
23	581
23	589
23	598
23	600
23	610
23	635
23	651
23	664
23	671
23	672
23	681
24	23
24	184
24	257
24	517
25	4
25	429
25	546
25	602
25	607
25	679
26	211
26	331
26	349
26	362
26	368
26	588
27	520
27	594
27	614
27	661
28	38
28	109
28	137
28	184
28	242
28	434
28	521
29	53
29	207
29	276
29	660
30	11
30	205
30	382
30	452
30	590
31	211
31	529
31	535
32	5
32	419
32	547
32	587
32	603
33	57
33	109
33	207
33	440
33	524
33	628
33	651
34	13
34	21
34	22
34	247
34	270
34	280
34	309
34	470
34	627
35	12
35	158
35	594
36	9
36	23
36	76
36	80
36	184
36	510
36	517
37	77
37	95
37	227
37	261
37	309
37	312
37	344
37	418
37	512
37	602
37	615
37	627
38	28
38	109
38	137
38	184
38	242
38	434
38	521
39	224
39	237
39	315
39	396
39	471
39	526
39	615
39	628
39	687
40	109
40	346
40	361
40	423
40	455
40	497
40	508
40	651
41	61
41	162
41	211
41	324
41	392
41	513
41	620
42	20
42	122
42	266
42	403
42	594
42	676
43	92
43	370
43	445
43	602
43	627
44	77
44	309
44	312
44	418
44	602
44	615
44	627
45	169
45	309
45	312
45	418
45	456
45	602
45	615
45	627
45	644
46	13
46	21
46	171
46	197
46	279
46	280
46	535
46	627
47	84
47	308
47	371
47	594
48	412
48	472
48	555
49	112
49	229
49	309
49	312
49	391
49	418
49	571
49	602
49	627
50	144
50	288
50	291
50	376
50	414
50	449
50	520
50	594
51	395
51	594
52	221
52	342
52	410
52	546
53	29
53	56
53	60
53	108
53	120
53	142
53	182
53	207
53	210
53	276
53	330
53	377
53	390
53	404
53	407
53	432
53	439
53	444
53	570
53	579
53	582
53	591
53	641
53	660
53	686
54	23
54	109
54	184
54	258
54	581
54	589
54	651
55	68
55	89
55	99
55	126
55	135
55	136
55	142
55	157
55	175
55	207
55	245
55	297
55	300
55	380
55	481
55	530
55	541
55	608
55	667
55	689
56	53
56	207
56	276
56	660
57	21
57	33
57	109
57	135
57	140
57	170
57	190
57	207
57	217
57	265
57	280
57	311
57	425
57	440
57	446
57	450
57	524
57	544
57	583
57	615
57	628
57	651
57	656
58	425
58	440
58	441
58	615
58	651
58	652
59	157
59	207
59	283
59	317
59	463
59	479
59	545
59	570
59	593
60	4
60	19
60	53
60	69
60	142
60	153
60	205
60	207
60	249
60	276
60	277
60	302
60	339
60	401
60	407
60	490
60	534
60	546
60	570
60	590
60	617
60	660
60	665
61	18
61	41
61	162
61	181
61	205
61	211
61	324
61	392
61	402
61	452
61	513
61	590
61	620
61	665
61	675
61	683
62	288
62	414
62	449
62	520
63	109
63	152
63	508
63	615
63	651
64	109
64	287
64	340
64	478
64	651
65	251
65	472
65	555
65	592
66	651
67	18
67	205
67	207
67	211
67	325
67	372
67	452
67	457
67	497
67	514
67	535
67	541
67	582
67	590
67	615
67	627
67	665
68	55
68	142
68	300
68	481
68	541
69	60
69	207
69	339
69	401
69	534
69	570
69	617
70	184
71	23
71	184
71	316
71	340
71	443
71	517
71	548
71	562
72	18
72	211
72	262
72	312
72	535
73	78
73	118
73	312
73	370
73	500
73	602
73	627
74	94
74	206
74	312
74	418
74	535
74	602
74	627
74	674
75	23
75	184
75	506
75	510
75	517
75	554
76	9
76	23
76	36
76	80
76	159
76	184
76	510
76	517
76	554
76	598
76	681
77	37
77	44
77	95
77	227
77	261
77	309
77	312
77	344
77	418
77	512
77	602
77	615
77	627
78	73
78	118
78	312
78	370
78	500
78	602
78	627
79	186
79	395
79	594
79	678
80	9
80	23
80	36
80	76
80	159
80	184
80	510
80	517
80	554
80	598
80	681
81	83
81	199
81	291
81	399
81	414
81	520
81	594
82	207
82	339
82	453
82	570
82	660
83	81
83	199
83	291
83	399
83	414
83	449
83	520
83	594
84	47
84	308
84	371
84	594
85	157
85	207
85	219
85	570
86	157
86	207
86	570
87	211
87	324
87	454
87	513
87	675
88	237
88	493
88	526
88	565
88	628
88	632
88	687
88	690
89	55
89	297
89	481
89	541
89	608
90	207
90	309
90	312
90	457
90	465
90	483
90	541
90	602
90	627
90	636
91	179
91	234
91	546
91	615
92	43
92	370
92	445
92	602
92	627
93	223
93	449
93	520
94	74
94	206
94	312
94	418
94	535
94	602
94	627
94	674
95	37
95	77
95	227
95	261
95	309
95	312
95	344
95	418
95	512
95	602
95	615
95	627
96	237
96	526
96	628
96	687
97	4
97	348
97	415
97	546
97	615
98	205
98	389
98	452
98	590
99	55
99	175
99	207
99	481
99	530
100	297
100	472
100	552
100	555
100	563
101	355
101	410
101	546
102	472
102	489
102	553
102	555
103	4
103	231
103	384
103	546
104	520
104	594
105	107
105	111
105	179
105	324
105	514
105	556
106	196
106	572
106	594
107	105
107	111
107	179
107	324
107	514
107	556
108	53
108	120
108	207
108	276
108	582
109	18
109	23
109	28
109	33
109	38
109	40
109	54
109	57
109	63
109	64
109	123
109	137
109	140
109	142
109	145
109	150
109	152
109	153
109	164
109	184
109	186
109	188
109	207
109	208
109	213
109	215
109	228
109	238
109	242
109	248
109	255
109	258
109	319
109	336
109	340
109	346
109	361
109	423
109	424
109	434
109	440
109	455
109	467
109	473
109	478
109	485
109	497
109	508
109	510
109	511
109	517
109	521
109	524
109	528
109	531
109	532
109	540
109	550
109	557
109	558
109	568
109	581
109	589
109	594
109	606
109	615
109	616
109	628
109	639
109	651
109	668
109	680
109	692
109	693
110	14
110	184
110	437
110	663
111	105
111	107
111	179
111	324
111	514
111	556
112	49
112	229
112	309
112	312
112	391
112	418
112	571
112	602
112	627
113	291
113	414
113	445
113	449
113	520
114	209
114	212
114	288
114	363
114	395
114	594
114	615
114	640
115	121
115	301
115	414
115	520
115	594
116	158
116	305
116	395
116	594
117	158
117	520
117	586
117	594
117	676
118	73
118	78
118	312
118	370
118	500
118	602
118	627
119	211
119	285
119	323
119	362
119	367
119	535
119	573
119	602
119	627
119	655
120	53
120	108
120	207
120	276
120	582
121	115
121	301
121	414
121	520
121	594
122	20
122	42
122	266
122	403
122	594
122	676
123	109
123	152
123	213
123	540
123	558
123	568
123	615
123	651
124	0
124	23
124	138
124	184
124	510
124	517
124	566
125	395
125	594
126	55
126	135
126	207
126	481
126	541
127	198
127	555
128	137
128	194
128	249
128	297
128	327
128	472
128	476
128	541
128	555
128	662
129	18
129	286
129	290
129	297
129	312
129	541
129	643
129	691
130	11
130	205
130	452
130	590
131	137
131	211
131	262
131	345
131	535
131	666
132	4
132	154
132	469
132	546
133	291
133	414
133	520
133	594
133	688
134	297
134	541
134	691
135	55
135	57
135	126
135	207
135	440
135	481
135	541
135	615
135	651
136	55
136	297
136	481
136	541
137	28
137	38
137	109
137	128
137	131
137	184
137	194
137	211
137	262
137	297
137	314
137	327
137	345
137	434
137	476
137	535
137	541
137	662
137	666
138	23
138	124
138	184
138	510
138	517
138	566
139	142
139	314
139	507
140	57
140	109
140	152
140	207
140	213
140	265
140	292
140	295
140	314
140	414
140	440
140	475
140	507
140	520
140	540
140	594
140	615
140	651
141	23
141	184
141	263
141	366
141	381
141	517
142	23
142	53
142	55
142	60
142	68
142	109
142	139
142	152
142	153
142	176
142	184
142	205
142	207
142	211
142	213
142	249
142	276
142	300
142	319
142	324
142	433
142	481
142	514
142	524
142	535
142	541
142	582
142	590
142	615
142	627
142	651
142	665
142	681
143	147
143	153
143	158
143	212
143	250
143	278
143	288
143	291
143	326
143	374
143	395
143	414
143	436
143	520
143	535
143	580
143	586
143	594
143	595
143	676
144	50
144	288
144	291
144	376
144	414
144	449
144	520
144	594
145	109
145	184
145	186
145	340
145	478
145	594
145	606
145	616
145	668
145	692
146	297
146	541
146	662
147	143
147	158
147	291
147	295
147	395
147	414
147	475
147	520
147	594
147	688
148	309
148	627
149	288
149	376
149	449
149	520
150	23
150	109
150	184
150	517
151	6
151	237
151	254
151	338
151	438
151	451
151	526
151	565
151	615
151	628
151	632
151	687
152	18
152	63
152	109
152	123
152	140
152	142
152	164
152	207
152	213
152	248
152	319
152	340
152	473
152	508
152	524
152	532
152	540
152	558
152	568
152	615
152	651
152	693
153	4
153	19
153	60
153	109
153	142
153	143
153	158
153	205
153	211
153	212
153	249
153	250
153	259
153	262
153	277
153	278
153	288
153	291
153	324
153	326
153	340
153	374
153	395
153	414
153	433
153	436
153	455
153	472
153	490
153	514
153	520
153	535
153	546
153	555
153	580
153	586
153	590
153	594
153	595
153	615
153	638
153	651
153	665
153	676
154	4
154	132
154	469
154	546
155	309
155	602
155	615
155	627
156	184
157	55
157	59
157	85
157	86
157	172
157	207
157	219
157	283
157	317
157	426
157	463
157	479
157	481
157	545
157	570
157	593
157	667
158	12
158	20
158	35
158	116
158	117
158	143
158	147
158	153
158	184
158	191
158	212
158	250
158	259
158	272
158	278
158	288
158	291
158	295
158	305
158	326
158	350
158	374
158	379
158	395
158	414
158	436
158	461
158	475
158	497
158	510
158	520
158	523
158	535
158	569
158	580
158	586
158	594
158	595
158	615
158	658
158	676
158	688
159	23
159	76
159	80
159	184
159	187
159	351
159	467
159	510
159	517
159	554
159	598
159	600
159	664
159	681
160	237
160	447
160	488
160	526
160	628
160	629
160	687
161	309
161	332
161	627
162	41
162	61
162	211
162	324
162	392
162	513
162	620
163	23
163	184
163	517
164	109
164	152
164	532
164	651
165	237
165	526
165	628
165	687
166	211
166	514
166	537
167	11
167	205
167	273
167	389
167	452
167	590
168	211
168	324
168	387
168	514
168	649
169	45
169	309
169	312
169	418
169	456
169	602
169	615
169	627
169	644
170	57
170	440
170	450
170	615
170	651
171	13
171	21
171	46
171	197
171	279
171	280
171	535
171	627
172	157
172	207
172	570
173	594
173	646
174	18
174	242
174	297
174	464
174	541
174	630
174	662
175	55
175	99
175	207
175	481
175	530
176	23
176	142
176	184
176	681
177	297
177	358
177	541
177	691
178	211
178	312
178	321
178	375
178	418
178	535
178	602
178	613
178	627
179	91
179	105
179	107
179	111
179	234
179	324
179	455
179	514
179	546
179	556
179	615
179	668
180	17
180	184
180	459
181	61
181	205
181	452
181	590
181	665
182	53
182	207
182	276
182	660
183	211
183	535
184	0
184	2
184	9
184	14
184	16
184	17
184	20
184	23
184	24
184	28
184	36
184	38
184	54
184	70
184	71
184	75
184	76
184	80
184	109
184	110
184	124
184	137
184	138
184	141
184	142
184	145
184	150
184	156
184	158
184	159
184	163
184	176
184	180
184	185
184	186
184	187
184	188
184	189
184	216
184	238
184	242
184	255
184	257
184	258
184	263
184	264
184	268
184	274
184	282
184	288
184	291
184	304
184	306
184	316
184	320
184	328
184	329
184	340
184	341
184	351
184	353
184	366
184	369
184	374
184	381
184	395
184	414
184	421
184	422
184	424
184	434
184	437
184	443
184	459
184	460
184	461
184	467
184	468
184	478
184	484
184	492
184	497
184	502
184	506
184	510
184	517
184	518
184	520
184	521
184	535
184	536
184	548
184	554
184	557
184	562
184	564
184	566
184	575
184	581
184	586
184	589
184	594
184	598
184	600
184	606
184	610
184	615
184	616
184	635
184	639
184	651
184	659
184	663
184	664
184	668
184	671
184	672
184	676
184	680
184	681
184	692
185	23
185	184
185	216
185	304
185	422
185	517
186	79
186	109
186	145
186	184
186	340
186	395
186	478
186	594
186	606
186	616
186	668
186	678
186	692
187	23
187	159
187	184
187	510
187	517
187	600
187	664
187	681
188	109
188	184
189	2
189	23
189	184
189	341
189	517
190	57
190	440
190	651
190	656
191	158
191	586
191	594
192	288
192	449
192	520
193	211
193	233
193	567
193	615
194	128
194	137
194	297
194	327
194	476
194	541
194	662
195	15
195	243
195	312
195	343
195	370
195	477
195	602
195	627
196	106
196	572
196	594
196	634
197	13
197	21
197	46
197	171
197	279
197	280
197	535
197	627
198	127
198	555
199	81
199	83
199	256
199	291
199	380
199	395
199	399
199	414
199	449
199	520
199	594
200	594
200	633
201	211
201	271
201	386
201	535
202	211
202	323
202	362
202	405
203	1
203	4
203	253
203	284
203	546
204	211
204	262
204	535
204	577
205	4
205	11
205	18
205	30
205	60
205	61
205	67
205	98
205	130
205	142
205	153
205	167
205	181
205	207
205	211
205	225
205	241
205	249
205	273
205	281
205	299
205	322
205	325
205	333
205	362
205	370
205	372
205	382
205	385
205	389
205	402
205	410
205	418
205	430
205	452
205	457
205	472
205	497
205	505
205	514
205	535
205	541
205	546
205	549
205	555
205	574
205	582
205	590
205	594
205	596
205	597
205	602
205	615
205	619
205	625
205	627
205	648
205	654
205	662
205	665
205	675
205	677
205	683
206	74
206	94
206	312
206	418
206	535
206	602
206	627
206	674
207	18
207	29
207	33
207	53
207	55
207	56
207	57
207	59
207	60
207	67
207	69
207	82
207	85
207	86
207	90
207	99
207	108
207	109
207	120
207	126
207	135
207	140
207	142
207	152
207	157
207	172
207	175
207	182
207	205
207	210
207	211
207	219
207	265
207	276
207	283
207	309
207	312
207	317
207	325
207	330
207	339
207	372
207	377
207	378
207	390
207	401
207	404
207	407
207	426
207	432
207	439
207	440
207	444
207	453
207	457
207	463
207	465
207	479
207	481
207	483
207	497
207	509
207	514
207	524
207	530
207	534
207	535
207	541
207	545
207	570
207	579
207	582
207	590
207	591
207	593
207	602
207	615
207	617
207	627
207	628
207	636
207	641
207	651
207	660
207	665
207	667
207	686
208	109
208	228
208	651
209	114
209	212
209	363
209	395
209	594
209	640
210	53
210	207
210	276
210	582
211	4
211	10
211	11
211	18
211	26
211	31
211	41
211	61
211	67
211	72
211	87
211	119
211	131
211	137
211	142
211	153
211	162
211	166
211	168
211	178
211	183
211	193
211	201
211	202
211	204
211	205
211	207
211	222
211	226
211	233
211	236
211	244
211	246
211	252
211	260
211	262
211	269
211	271
211	312
211	321
211	322
211	323
211	324
211	325
211	331
211	345
211	347
211	349
211	352
211	356
211	359
211	362
211	364
211	368
211	370
211	372
211	375
211	383
211	386
211	387
211	392
211	394
211	405
211	408
211	409
211	410
211	418
211	428
211	433
211	435
211	448
211	452
211	454
211	462
211	466
211	472
211	495
211	497
211	513
211	514
211	516
211	525
211	529
211	535
211	537
211	538
211	541
211	543
211	546
211	555
211	560
211	567
211	573
211	577
211	582
211	584
211	588
211	590
211	599
211	602
211	604
211	605
211	613
211	615
211	618
211	619
211	620
211	622
211	625
211	627
211	631
211	638
211	649
211	655
211	662
211	665
211	666
211	673
211	675
211	682
211	684
211	685
212	114
212	143
212	153
212	158
212	209
212	250
212	259
212	278
212	288
212	291
212	326
212	363
212	374
212	395
212	414
212	436
212	504
212	520
212	535
212	580
212	586
212	594
212	595
212	615
212	640
212	645
212	676
213	109
213	123
213	140
213	142
213	152
213	319
213	524
213	540
213	558
213	615
213	651
214	288
214	395
214	594
214	615
215	109
215	531
215	651
216	23
216	184
216	185
216	422
216	517
217	57
217	440
217	651
218	442
218	555
218	590
218	650
219	85
219	157
219	207
219	570
220	237
220	288
220	480
220	526
220	609
220	628
220	687
221	52
221	342
221	410
221	546
222	211
222	246
222	324
222	408
222	514
223	93
223	449
223	520
224	39
224	237
224	315
224	396
224	471
224	526
224	628
224	687
225	205
225	299
225	385
225	590
225	665
225	677
226	211
226	269
226	362
226	364
226	383
226	435
227	37
227	77
227	95
227	261
227	309
227	312
227	344
227	418
227	512
227	602
227	615
227	627
228	109
228	208
228	651
229	49
229	112
229	309
229	312
229	391
229	418
229	571
229	602
229	627
230	235
230	237
230	254
230	289
230	438
230	526
230	565
230	628
230	687
231	4
231	103
231	384
231	546
232	309
232	312
232	418
232	602
232	627
233	193
233	211
233	567
233	615
234	91
234	179
234	546
234	615
235	230
235	237
235	254
235	289
235	438
235	503
235	526
235	561
235	565
235	628
235	653
235	687
236	211
236	324
236	513
236	675
237	6
237	39
237	88
237	96
237	151
237	160
237	165
237	220
237	224
237	230
237	235
237	254
237	288
237	289
237	296
237	315
237	338
237	354
237	388
237	396
237	427
237	438
237	447
237	451
237	471
237	480
237	482
237	486
237	488
237	493
237	499
237	501
237	503
237	519
237	526
237	561
237	565
237	578
237	609
237	615
237	628
237	629
237	632
237	653
237	687
237	690
238	109
238	184
238	557
239	373
239	440
239	551
239	651
240	594
241	205
241	590
241	648
241	665
242	18
242	28
242	38
242	109
242	174
242	184
242	297
242	464
242	467
242	510
242	521
242	541
242	630
242	662
242	668
243	15
243	195
243	312
243	343
243	370
243	477
243	602
243	627
244	211
244	324
244	513
245	55
245	297
245	481
245	541
246	211
246	222
246	324
246	408
246	514
247	13
247	21
247	22
247	34
247	270
247	280
247	309
247	470
247	627
248	109
248	152
248	473
248	651
249	60
249	128
249	142
249	153
249	205
249	472
249	555
249	590
249	665
250	143
250	153
250	158
250	212
250	259
250	278
250	288
250	291
250	326
250	374
250	395
250	414
250	436
250	520
250	535
250	580
250	586
250	594
250	595
250	676
251	65
251	472
251	555
251	592
252	211
252	323
252	362
252	605
253	1
253	4
253	203
253	284
253	546
254	6
254	151
254	230
254	235
254	237
254	289
254	338
254	388
254	438
254	451
254	526
254	565
254	615
254	628
254	632
254	687
255	109
255	184
255	467
255	615
255	651
256	199
256	380
256	395
256	594
257	23
257	24
257	184
257	517
258	23
258	54
258	109
258	184
258	581
258	589
258	651
259	153
259	158
259	212
259	250
259	278
259	288
259	291
259	310
259	374
259	395
259	414
259	436
259	449
259	520
259	535
259	580
259	585
259	586
259	594
259	647
259	676
260	211
260	359
260	535
261	37
261	77
261	95
261	227
261	309
261	312
261	344
261	418
261	512
261	602
261	615
261	627
262	18
262	72
262	131
262	137
262	153
262	204
262	211
262	312
262	345
262	352
262	535
262	538
262	577
262	638
262	666
262	682
263	23
263	141
263	184
263	366
263	381
263	517
264	23
264	184
264	369
265	57
265	140
265	207
265	440
265	544
265	615
265	651
266	20
266	42
266	122
266	403
266	594
266	676
267	4
267	334
267	546
268	23
268	184
268	517
269	211
269	226
269	362
269	364
269	383
269	435
270	13
270	21
270	22
270	34
270	247
270	280
270	309
270	470
270	627
271	201
271	211
271	386
271	535
272	158
272	594
273	11
273	167
273	205
273	389
273	452
273	590
274	23
274	184
274	282
274	517
274	610
275	440
275	510
275	651
276	29
276	53
276	56
276	60
276	108
276	120
276	142
276	182
276	207
276	210
276	330
276	377
276	390
276	404
276	407
276	432
276	439
276	444
276	570
276	579
276	582
276	591
276	641
276	660
276	686
277	4
277	19
277	60
277	153
277	490
277	546
278	143
278	153
278	158
278	212
278	250
278	259
278	288
278	291
278	326
278	374
278	395
278	414
278	436
278	520
278	535
278	580
278	586
278	594
278	595
278	676
279	13
279	21
279	46
279	171
279	197
279	280
279	535
279	627
280	13
280	21
280	22
280	34
280	46
280	57
280	171
280	197
280	247
280	270
280	279
280	309
280	446
280	470
280	535
280	615
280	627
280	651
281	205
281	590
281	665
282	23
282	184
282	274
282	517
282	610
283	59
283	157
283	207
283	317
283	463
283	479
283	545
283	570
283	593
284	1
284	4
284	203
284	253
284	546
285	119
285	367
285	535
285	602
285	627
286	18
286	129
286	290
286	297
286	312
286	541
286	643
286	691
287	64
287	340
287	478
287	651
288	20
288	50
288	62
288	114
288	143
288	144
288	149
288	153
288	158
288	184
288	192
288	212
288	214
288	220
288	237
288	250
288	259
288	278
288	289
288	291
288	326
288	363
288	374
288	376
288	395
288	414
288	436
288	449
288	461
288	480
288	497
288	499
288	520
288	526
288	535
288	580
288	586
288	594
288	595
288	609
288	615
288	628
288	640
288	671
288	676
288	687
289	230
289	235
289	237
289	254
289	288
289	438
289	499
289	526
289	565
289	628
289	687
290	18
290	129
290	286
290	297
290	312
290	541
290	643
290	691
291	3
291	20
291	50
291	81
291	83
291	113
291	133
291	143
291	144
291	147
291	153
291	158
291	184
291	199
291	212
291	250
291	259
291	278
291	288
291	295
291	310
291	314
291	326
291	374
291	376
291	395
291	399
291	414
291	436
291	445
291	449
291	461
291	474
291	475
291	497
291	498
291	507
291	520
291	535
291	580
291	585
291	586
291	594
291	595
291	615
291	647
291	676
291	688
292	140
292	295
292	314
292	414
292	475
292	507
292	520
292	594
293	411
293	522
293	594
294	309
294	393
294	627
295	140
295	147
295	158
295	291
295	292
295	314
295	414
295	475
295	507
295	520
295	594
295	688
296	237
296	427
296	526
296	628
296	687
297	18
297	55
297	89
297	100
297	128
297	129
297	134
297	136
297	137
297	146
297	174
297	177
297	194
297	242
297	245
297	286
297	290
297	303
297	307
297	312
297	327
297	337
297	358
297	380
297	397
297	398
297	400
297	464
297	472
297	476
297	481
297	487
297	491
297	494
297	496
297	541
297	552
297	555
297	559
297	563
297	608
297	624
297	630
297	642
297	643
297	657
297	662
297	669
297	670
297	689
297	691
298	309
298	313
298	539
298	615
298	627
299	205
299	225
299	385
299	590
299	665
299	677
300	55
300	68
300	142
300	481
300	541
301	115
301	121
301	414
301	520
301	594
302	60
303	297
303	307
303	541
303	624
303	669
303	691
304	23
304	184
304	185
304	517
305	116
305	158
305	395
305	594
306	184
306	575
306	659
307	297
307	303
307	541
307	624
307	669
307	691
308	47
308	84
308	371
308	594
309	13
309	21
309	22
309	34
309	37
309	44
309	45
309	49
309	77
309	90
309	95
309	112
309	148
309	155
309	161
309	169
309	207
309	227
309	229
309	232
309	247
309	261
309	270
309	280
309	294
309	298
309	312
309	313
309	332
309	344
309	357
309	391
309	393
309	418
309	420
309	445
309	456
309	457
309	465
309	470
309	483
309	512
309	539
309	541
309	571
309	576
309	602
309	615
309	627
309	636
309	637
309	644
310	259
310	291
310	414
310	449
310	520
310	647
311	57
311	440
311	651
312	15
312	18
312	37
312	44
312	45
312	49
312	72
312	73
312	74
312	77
312	78
312	90
312	94
312	95
312	112
312	118
312	129
312	169
312	178
312	195
312	206
312	207
312	211
312	227
312	229
312	232
312	243
312	261
312	262
312	286
312	290
312	297
312	309
312	321
312	343
312	344
312	352
312	357
312	370
312	375
312	391
312	418
312	420
312	445
312	456
312	457
312	465
312	477
312	483
312	500
312	512
312	535
312	541
312	571
312	576
312	602
312	613
312	615
312	627
312	636
312	637
312	643
312	644
312	674
312	691
313	298
313	309
313	539
313	615
313	627
314	137
314	139
314	140
314	291
314	292
314	295
314	414
314	475
314	507
314	520
314	594
315	39
315	224
315	237
315	396
315	471
315	526
315	628
315	687
316	23
316	71
316	184
316	443
316	517
316	562
317	59
317	157
317	207
317	283
317	463
317	479
317	545
317	570
317	593
318	4
318	365
318	546
319	109
319	142
319	152
319	213
319	524
319	615
319	651
320	23
320	184
320	510
320	517
320	671
321	178
321	211
321	312
321	375
321	418
321	535
321	602
321	613
321	627
322	4
322	205
322	211
322	362
322	370
322	410
322	418
322	452
322	472
322	514
322	535
322	546
322	555
322	582
322	602
322	619
322	627
322	662
323	119
323	202
323	211
323	252
323	362
323	405
323	462
323	543
323	573
323	605
323	618
323	622
323	655
324	10
324	11
324	41
324	61
324	87
324	105
324	107
324	111
324	142
324	153
324	162
324	168
324	179
324	211
324	222
324	236
324	244
324	246
324	347
324	387
324	392
324	394
324	408
324	433
324	448
324	454
324	466
324	513
324	514
324	516
324	556
324	560
324	604
324	620
324	631
324	649
324	673
324	675
324	684
325	18
325	67
325	205
325	207
325	211
325	326
325	360
325	372
325	414
325	497
325	514
325	520
325	535
325	541
325	582
325	590
325	594
325	615
325	627
325	665
326	143
326	153
326	158
326	212
326	250
326	278
326	288
326	291
326	325
326	360
326	374
326	395
326	414
326	436
326	520
326	535
326	580
326	586
326	594
326	595
326	676
327	128
327	137
327	194
327	297
327	476
327	541
327	662
328	23
328	184
328	329
328	517
329	23
329	184
329	328
329	517
330	53
330	207
330	276
330	582
331	26
331	211
331	349
331	362
331	368
331	588
332	161
332	309
332	627
333	11
333	205
333	430
333	452
333	472
333	549
333	555
333	574
333	590
333	615
333	665
334	4
334	267
334	546
335	4
335	410
335	527
335	546
336	109
336	485
336	528
336	651
337	297
337	397
337	398
337	496
337	541
337	691
338	6
338	151
338	237
338	254
338	438
338	451
338	526
338	565
338	615
338	628
338	632
338	687
339	60
339	69
339	82
339	207
339	401
339	453
339	534
339	570
339	617
339	660
340	18
340	23
340	64
340	71
340	109
340	145
340	152
340	153
340	184
340	186
340	287
340	455
340	478
340	517
340	548
340	594
340	606
340	615
340	616
340	651
340	668
340	692
340	693
341	2
341	23
341	184
341	189
341	517
342	52
342	221
342	410
342	546
343	15
343	195
343	243
343	312
343	370
343	477
343	602
343	627
344	37
344	77
344	95
344	227
344	261
344	309
344	312
344	418
344	512
344	602
344	615
344	627
345	131
345	137
345	211
345	262
345	535
345	666
346	40
346	109
346	455
346	497
346	651
347	11
347	211
347	324
347	514
347	631
348	4
348	97
348	415
348	546
348	615
349	26
349	211
349	331
349	362
349	368
349	588
350	158
350	461
350	594
351	23
351	159
351	184
351	467
351	510
351	517
352	211
352	262
352	312
352	535
353	23
353	184
353	664
354	237
354	519
354	526
354	628
354	687
355	101
355	410
355	546
356	211
356	495
356	513
356	599
357	309
357	312
357	418
357	420
357	576
357	602
357	615
357	627
358	177
358	297
358	541
358	691
359	211
359	260
359	535
360	325
360	326
360	414
360	520
360	535
360	594
361	40
361	109
361	651
362	4
362	26
362	119
362	202
362	205
362	211
362	226
362	252
362	269
362	322
362	323
362	331
362	349
362	364
362	368
362	370
362	383
362	405
362	410
362	418
362	435
362	452
362	462
362	472
362	514
362	525
362	535
362	543
362	546
362	555
362	573
362	582
362	588
362	602
362	605
362	618
362	619
362	622
362	627
362	655
362	662
362	685
363	114
363	209
363	212
363	288
363	395
363	504
363	594
363	615
363	640
364	211
364	226
364	269
364	362
364	383
364	435
365	4
365	318
365	546
366	23
366	141
366	184
366	263
366	381
366	517
367	119
367	285
367	535
367	602
367	627
368	26
368	211
368	331
368	349
368	362
368	588
369	23
369	184
369	264
370	4
370	15
370	43
370	73
370	78
370	92
370	118
370	195
370	205
370	211
370	243
370	312
370	322
370	343
370	362
370	410
370	418
370	431
370	445
370	452
370	472
370	477
370	500
370	514
370	535
370	546
370	555
370	582
370	602
370	619
370	627
370	662
371	47
371	84
371	308
371	594
372	18
372	67
372	205
372	207
372	211
372	325
372	497
372	514
372	535
372	541
372	582
372	590
372	615
372	627
372	665
373	239
373	440
373	551
373	651
374	20
374	143
374	153
374	158
374	184
374	212
374	250
374	259
374	278
374	288
374	291
374	326
374	395
374	414
374	436
374	461
374	497
374	520
374	535
374	580
374	586
374	594
374	595
374	615
374	676
375	178
375	211
375	312
375	321
375	418
375	535
375	602
375	613
375	627
376	50
376	144
376	149
376	288
376	291
376	414
376	449
376	520
376	594
377	53
377	207
377	276
377	404
377	439
377	582
378	207
378	509
378	570
378	660
379	158
379	395
379	523
379	569
379	586
379	594
379	676
380	55
380	199
380	256
380	297
380	395
380	481
380	541
380	594
381	23
381	141
381	184
381	263
381	366
381	517
382	11
382	30
382	205
382	452
382	590
383	211
383	226
383	269
383	362
383	364
383	435
384	4
384	103
384	231
384	546
385	205
385	225
385	299
385	590
385	665
385	677
386	201
386	211
386	271
386	535
387	168
387	211
387	324
387	514
387	649
388	237
388	254
388	438
388	526
388	565
388	628
388	687
389	11
389	98
389	167
389	205
389	273
389	452
389	590
390	53
390	207
390	276
390	582
390	591
391	49
391	112
391	229
391	309
391	312
391	418
391	571
391	602
391	627
392	41
392	61
392	162
392	211
392	324
392	513
392	620
393	294
393	309
393	627
394	11
394	211
394	324
394	514
395	20
395	51
395	79
395	114
395	116
395	125
395	143
395	147
395	153
395	158
395	184
395	186
395	199
395	209
395	212
395	214
395	250
395	256
395	259
395	278
395	288
395	291
395	305
395	326
395	363
395	374
395	379
395	380
395	414
395	436
395	461
395	497
395	504
395	520
395	523
395	535
395	569
395	580
395	586
395	594
395	595
395	615
395	640
395	645
395	671
395	676
395	678
396	39
396	224
396	237
396	315
396	471
396	526
396	628
396	687
397	297
397	337
397	398
397	496
397	541
397	691
398	297
398	337
398	397
398	496
398	541
398	691
399	81
399	83
399	199
399	291
399	414
399	520
399	594
400	297
400	541
400	691
401	60
401	69
401	207
401	339
401	534
401	570
401	617
402	18
402	61
402	205
402	452
402	590
402	665
403	20
403	42
403	122
403	266
403	594
403	676
404	53
404	207
404	276
404	377
404	439
404	582
405	202
405	211
405	323
405	362
406	458
406	601
407	53
407	60
407	207
407	276
407	570
407	660
408	211
408	222
408	246
408	324
408	514
409	211
409	428
409	535
410	4
410	52
410	101
410	205
410	211
410	221
410	322
410	335
410	342
410	355
410	362
410	370
410	418
410	452
410	472
410	514
410	527
410	535
410	546
410	555
410	582
410	602
410	619
410	627
410	662
411	293
411	522
411	594
412	48
412	472
412	555
413	7
413	449
413	520
414	20
414	50
414	62
414	81
414	83
414	113
414	115
414	121
414	133
414	140
414	143
414	144
414	147
414	153
414	158
414	184
414	199
414	212
414	250
414	259
414	278
414	288
414	291
414	292
414	295
414	301
414	310
414	314
414	325
414	326
414	360
414	374
414	376
414	395
414	399
414	436
414	445
414	449
414	461
414	475
414	497
414	507
414	520
414	535
414	580
414	585
414	586
414	594
414	595
414	615
414	647
414	676
414	688
415	4
415	97
415	348
415	546
415	615
416	594
417	7
417	449
417	520
417	611
418	4
418	37
418	44
418	45
418	49
418	74
418	77
418	94
418	95
418	112
418	169
418	178
418	205
418	206
418	211
418	227
418	229
418	232
418	261
418	309
418	312
418	321
418	322
418	344
418	357
418	362
418	370
418	375
418	391
418	410
418	420
418	445
418	452
418	456
418	472
418	512
418	514
418	535
418	546
418	555
418	571
418	576
418	582
418	602
418	613
418	615
418	619
418	627
418	637
418	644
418	662
418	674
419	5
419	32
419	547
419	587
419	603
420	309
420	312
420	357
420	418
420	576
420	602
420	615
420	627
421	23
421	184
421	517
422	23
422	184
422	185
422	216
422	517
423	40
423	109
423	651
424	109
424	184
424	467
424	680
425	57
425	58
425	440
425	441
425	615
425	651
425	652
426	157
426	207
426	570
427	237
427	296
427	526
427	628
427	687
428	211
428	409
428	535
429	4
429	25
429	546
429	602
429	607
429	679
430	11
430	205
430	333
430	452
430	472
430	549
430	555
430	574
430	590
430	665
431	370
431	602
431	627
432	53
432	207
432	276
432	660
433	142
433	153
433	211
433	324
433	514
434	28
434	38
434	109
434	137
434	184
435	211
435	226
435	269
435	362
435	364
435	383
436	143
436	153
436	158
436	212
436	250
436	259
436	278
436	288
436	291
436	326
436	374
436	395
436	414
436	520
436	535
436	580
436	586
436	594
436	595
436	676
437	14
437	110
437	184
437	663
438	6
438	151
438	230
438	235
438	237
438	254
438	289
438	338
438	388
438	451
438	526
438	565
438	615
438	628
438	632
438	687
439	53
439	207
439	276
439	377
439	404
439	582
440	33
440	57
440	58
440	109
440	135
440	140
440	170
440	190
440	207
440	217
440	239
440	265
440	275
440	311
440	373
440	425
440	441
440	450
440	510
440	524
440	544
440	551
440	583
440	615
440	628
440	651
440	652
440	656
441	58
441	425
441	440
441	615
441	651
441	652
442	218
442	555
442	590
442	650
443	23
443	71
443	184
443	316
443	517
443	562
444	53
444	207
444	276
444	660
445	43
445	92
445	113
445	291
445	309
445	312
445	370
445	414
445	418
445	449
445	520
445	602
445	615
445	627
445	637
446	21
446	57
446	280
446	615
446	651
447	160
447	237
447	488
447	526
447	628
447	629
447	687
448	211
448	324
448	514
448	560
449	7
449	50
449	62
449	83
449	93
449	113
449	144
449	149
449	192
449	199
449	223
449	259
449	288
449	291
449	310
449	376
449	413
449	414
449	417
449	445
449	474
449	498
449	520
449	594
449	611
449	647
450	57
450	170
450	440
450	615
450	651
451	6
451	151
451	237
451	254
451	338
451	438
451	526
451	565
451	615
451	628
451	632
451	687
452	4
452	11
452	18
452	30
452	61
452	67
452	98
452	130
452	167
452	181
452	205
452	211
452	273
452	322
452	333
452	362
452	370
452	382
452	389
452	402
452	410
452	418
452	430
452	457
452	472
452	505
452	514
452	535
452	546
452	549
452	555
452	574
452	582
452	590
452	596
452	597
452	602
452	615
452	619
452	625
452	627
452	654
452	662
452	665
453	82
453	207
453	339
453	570
453	660
454	87
454	211
454	324
454	513
454	675
455	40
455	109
455	153
455	179
455	340
455	346
455	497
455	615
455	651
455	668
456	45
456	169
456	309
456	312
456	418
456	602
456	615
456	627
456	644
457	67
457	90
457	205
457	207
457	309
457	312
457	452
457	465
457	483
457	541
457	590
457	602
457	627
457	636
458	406
458	601
459	17
459	180
459	184
460	184
460	564
461	8
461	20
461	158
461	184
461	288
461	291
461	350
461	374
461	395
461	414
461	497
461	520
461	535
461	586
461	594
461	612
461	615
461	676
462	211
462	323
462	362
462	543
463	59
463	157
463	207
463	283
463	317
463	479
463	545
463	570
463	593
464	174
464	242
464	297
464	541
464	630
464	662
465	90
465	207
465	309
465	312
465	457
465	483
465	541
465	602
465	627
465	636
466	211
466	324
466	514
466	673
467	23
467	109
467	159
467	184
467	242
467	255
467	351
467	424
467	510
467	517
467	615
467	651
467	668
467	680
468	23
468	184
468	517
469	4
469	132
469	154
469	546
470	13
470	21
470	22
470	34
470	247
470	270
470	280
470	309
470	627
471	39
471	224
471	237
471	315
471	396
471	526
471	628
471	687
472	4
472	11
472	48
472	65
472	100
472	102
472	128
472	153
472	205
472	211
472	249
472	251
472	297
472	322
472	333
472	362
472	370
472	410
472	412
472	418
472	430
472	452
472	489
472	514
472	535
472	546
472	549
472	552
472	553
472	555
472	563
472	574
472	582
472	590
472	592
472	602
472	615
472	619
472	627
472	662
472	665
473	109
473	152
473	248
473	651
474	291
474	449
474	498
474	520
475	140
475	147
475	158
475	291
475	292
475	295
475	314
475	414
475	507
475	520
475	594
475	688
476	128
476	137
476	194
476	297
476	327
476	541
476	662
477	15
477	195
477	243
477	312
477	343
477	370
477	602
477	627
478	64
478	109
478	145
478	184
478	186
478	287
478	340
478	594
478	606
478	616
478	651
478	668
478	692
479	59
479	157
479	207
479	283
479	317
479	463
479	545
479	570
479	593
480	220
480	237
480	288
480	526
480	609
480	628
480	687
481	55
481	68
481	89
481	99
481	126
481	135
481	136
481	142
481	157
481	175
481	207
481	245
481	297
481	300
481	380
481	530
481	541
481	608
481	667
481	689
482	237
482	526
482	578
482	628
482	687
483	90
483	207
483	309
483	312
483	457
483	465
483	541
483	602
483	627
483	636
484	23
484	184
484	517
485	109
485	336
485	528
485	651
486	237
486	526
486	628
486	687
487	297
487	491
487	541
487	642
487	691
488	160
488	237
488	447
488	526
488	628
488	629
488	687
489	102
489	472
489	553
489	555
490	4
490	19
490	60
490	153
490	277
490	546
491	297
491	487
491	541
491	642
491	691
492	184
492	510
493	88
493	237
493	526
493	565
493	628
493	632
493	687
493	690
494	297
494	541
494	662
495	211
495	356
495	513
495	599
496	297
496	337
496	397
496	398
496	541
496	691
497	18
497	20
497	40
497	67
497	109
497	158
497	184
497	205
497	207
497	211
497	288
497	291
497	325
497	346
497	372
497	374
497	395
497	414
497	455
497	461
497	514
497	520
497	535
497	541
497	582
497	586
497	590
497	594
497	615
497	627
497	651
497	665
497	676
498	291
498	449
498	474
498	520
499	237
499	288
499	289
499	526
499	628
499	687
500	73
500	78
500	118
500	312
500	370
500	602
500	627
501	237
501	526
501	628
501	687
502	16
502	23
502	184
502	517
503	235
503	237
503	526
503	561
503	628
503	687
504	212
504	363
504	395
504	594
504	640
505	11
505	205
505	452
505	590
505	596
505	597
506	23
506	75
506	184
506	510
506	517
506	554
507	139
507	140
507	291
507	292
507	295
507	314
507	414
507	475
507	520
507	594
508	40
508	63
508	109
508	152
508	615
508	651
509	207
509	378
509	570
509	660
510	9
510	23
510	36
510	75
510	76
510	80
510	109
510	124
510	138
510	158
510	159
510	184
510	187
510	242
510	275
510	320
510	351
510	440
510	467
510	492
510	506
510	517
510	518
510	554
510	566
510	594
510	598
510	600
510	621
510	635
510	651
510	658
510	664
510	668
510	671
510	681
511	109
511	550
511	651
512	37
512	77
512	95
512	227
512	261
512	309
512	312
512	344
512	418
512	602
512	615
512	627
513	41
513	61
513	87
513	162
513	211
513	236
513	244
513	324
513	356
513	392
513	454
513	495
513	599
513	604
513	620
513	675
513	684
514	4
514	10
514	11
514	18
514	67
514	105
514	107
514	111
514	142
514	153
514	166
514	168
514	179
514	205
514	207
514	211
514	222
514	246
514	322
514	324
514	325
514	347
514	362
514	370
514	372
514	387
514	394
514	408
514	410
514	418
514	433
514	448
514	452
514	466
514	472
514	497
514	516
514	535
514	537
514	541
514	546
514	555
514	556
514	560
514	582
514	590
514	602
514	615
514	619
514	627
514	631
514	649
514	662
514	665
514	673
515	555
516	11
516	211
516	324
516	514
517	2
517	9
517	16
517	23
517	24
517	36
517	71
517	75
517	76
517	80
517	109
517	124
517	138
517	141
517	150
517	159
517	163
517	184
517	185
517	187
517	189
517	216
517	257
517	263
517	268
517	274
517	282
517	304
517	316
517	320
517	328
517	329
517	340
517	341
517	351
517	366
517	381
517	421
517	422
517	443
517	467
517	468
517	484
517	502
517	506
517	510
517	536
517	548
517	554
517	562
517	566
517	598
517	600
517	610
517	664
517	671
517	681
518	23
518	184
518	510
519	237
519	354
519	526
519	628
519	687
520	3
520	7
520	20
520	27
520	50
520	62
520	81
520	83
520	93
520	104
520	113
520	115
520	117
520	121
520	133
520	140
520	143
520	144
520	147
520	149
520	153
520	158
520	184
520	192
520	199
520	212
520	223
520	250
520	259
520	278
520	288
520	291
520	292
520	295
520	301
520	310
520	314
520	325
520	326
520	360
520	374
520	376
520	395
520	399
520	413
520	414
520	417
520	436
520	445
520	449
520	461
520	474
520	475
520	497
520	498
520	507
520	535
520	580
520	585
520	586
520	594
520	595
520	601
520	611
520	614
520	615
520	626
520	647
520	661
520	676
520	688
521	28
521	38
521	109
521	184
521	242
522	293
522	411
522	594
523	158
523	379
523	395
523	569
523	586
523	594
523	676
524	33
524	57
524	109
524	142
524	152
524	207
524	213
524	319
524	440
524	615
524	628
524	651
525	211
525	362
526	6
526	39
526	88
526	96
526	151
526	160
526	165
526	220
526	224
526	230
526	235
526	237
526	254
526	288
526	289
526	296
526	315
526	338
526	354
526	388
526	396
526	427
526	438
526	447
526	451
526	471
526	480
526	482
526	486
526	488
526	493
526	499
526	501
526	503
526	519
526	561
526	565
526	578
526	609
526	615
526	628
526	629
526	632
526	653
526	687
526	690
527	4
527	335
527	410
527	546
528	109
528	336
528	485
528	651
529	31
529	211
529	535
530	55
530	99
530	175
530	207
530	481
531	109
531	215
531	651
532	109
532	152
532	164
532	651
533	628
534	60
534	69
534	207
534	339
534	401
534	570
534	617
535	4
535	13
535	18
535	20
535	21
535	31
535	46
535	67
535	72
535	74
535	94
535	119
535	131
535	137
535	142
535	143
535	153
535	158
535	171
535	178
535	183
535	184
535	197
535	201
535	204
535	205
535	206
535	207
535	211
535	212
535	250
535	259
535	260
535	262
535	271
535	278
535	279
535	280
535	285
535	288
535	291
535	312
535	321
535	322
535	325
535	326
535	345
535	352
535	359
535	360
535	362
535	367
535	370
535	372
535	374
535	375
535	386
535	395
535	409
535	410
535	414
535	418
535	428
535	436
535	452
535	461
535	472
535	497
535	514
535	520
535	529
535	538
535	541
535	546
535	555
535	577
535	580
535	582
535	584
535	586
535	590
535	594
535	595
535	602
535	613
535	615
535	619
535	627
535	638
535	662
535	665
535	666
535	674
535	676
535	682
536	23
536	184
536	517
537	166
537	211
537	514
538	18
538	211
538	262
538	535
539	298
539	309
539	313
539	615
539	627
540	109
540	123
540	140
540	152
540	213
540	558
540	615
540	651
541	18
541	55
541	67
541	68
541	89
541	90
541	126
541	128
541	129
541	134
541	135
541	136
541	137
541	142
541	146
541	174
541	177
541	194
541	205
541	207
541	211
541	242
541	245
541	286
541	290
541	297
541	300
541	303
541	307
541	309
541	312
541	325
541	327
541	337
541	358
541	372
541	380
541	397
541	398
541	400
541	457
541	464
541	465
541	476
541	481
541	483
541	487
541	491
541	494
541	496
541	497
541	514
541	535
541	559
541	582
541	590
541	602
541	608
541	615
541	624
541	627
541	630
541	636
541	642
541	643
541	657
541	662
541	665
541	669
541	670
541	689
541	691
543	211
543	323
543	362
543	462
544	57
544	265
544	440
544	651
545	59
545	157
545	207
545	283
545	317
545	463
545	479
545	570
545	593
546	1
546	4
546	19
546	25
546	52
546	60
546	91
546	97
546	101
546	103
546	132
546	153
546	154
546	179
546	203
546	205
546	211
546	221
546	231
546	234
546	253
546	267
546	277
546	284
546	318
546	322
546	334
546	335
546	342
546	348
546	355
546	362
546	365
546	370
546	384
546	410
546	415
546	418
546	429
546	452
546	469
546	472
546	490
546	514
546	527
546	535
546	555
546	582
546	602
546	607
546	615
546	619
546	627
546	662
546	679
547	5
547	32
547	419
547	587
547	603
548	23
548	71
548	184
548	340
548	517
549	11
549	205
549	333
549	430
549	452
549	472
549	555
549	574
549	590
549	665
550	109
550	511
550	651
551	239
551	373
551	440
551	651
552	100
552	297
552	472
552	555
552	563
553	102
553	472
553	489
553	555
554	23
554	75
554	76
554	80
554	159
554	184
554	506
554	510
554	517
554	598
554	681
555	4
555	11
555	48
555	65
555	102
555	127
555	128
555	153
555	198
555	205
555	211
555	218
555	249
555	251
555	322
555	333
555	362
555	370
555	410
555	412
555	418
555	430
555	442
555	452
555	472
555	489
555	514
555	515
555	535
555	542
555	546
555	549
555	553
555	574
555	582
555	590
555	592
555	602
555	615
555	619
555	627
555	650
555	662
555	665
556	105
556	107
556	111
556	179
556	324
556	514
557	109
557	184
557	238
558	109
558	123
558	152
558	213
558	540
558	615
558	651
559	297
559	541
559	691
560	211
560	324
560	448
560	514
561	235
561	237
561	503
561	526
561	628
561	687
562	23
562	71
562	184
562	316
562	443
562	517
563	100
563	297
563	472
563	552
563	555
564	184
564	460
565	6
565	88
565	151
565	230
565	235
565	237
565	254
565	289
565	338
565	388
565	438
565	451
565	493
565	526
565	615
565	628
565	632
565	687
565	690
566	0
566	23
566	124
566	138
566	184
566	510
566	517
567	193
567	211
567	233
567	615
568	109
568	123
568	152
568	651
569	158
569	379
569	395
569	523
569	586
569	594
569	676
570	53
570	59
570	60
570	69
570	82
570	85
570	86
570	157
570	172
570	207
570	219
570	276
570	283
570	317
570	339
570	378
570	401
570	407
570	426
570	453
570	463
570	479
570	509
570	534
570	545
570	593
570	617
570	660
571	49
571	112
571	229
571	309
571	312
571	391
571	418
571	602
571	627
572	106
572	196
572	594
573	119
573	211
573	323
573	362
573	655
574	11
574	205
574	333
574	430
574	452
574	472
574	549
574	555
574	590
574	665
575	184
575	306
575	659
576	309
576	312
576	357
576	418
576	420
576	602
576	615
576	627
577	204
577	211
577	262
577	535
578	237
578	482
578	526
578	628
578	687
579	53
579	207
579	276
579	582
580	143
580	153
580	158
580	212
580	250
580	259
580	278
580	288
580	291
580	326
580	374
580	395
580	414
580	436
580	520
580	535
580	586
580	594
580	595
580	676
581	23
581	54
581	109
581	184
581	258
581	589
581	651
582	4
582	18
582	53
582	67
582	108
582	120
582	142
582	205
582	207
582	210
582	211
582	276
582	322
582	325
582	330
582	362
582	370
582	372
582	377
582	390
582	404
582	410
582	418
582	439
582	452
582	472
582	497
582	514
582	535
582	541
582	546
582	555
582	579
582	590
582	591
582	602
582	615
582	619
582	627
582	641
582	662
582	665
582	686
583	57
583	440
583	651
584	211
584	535
585	259
585	291
585	414
585	520
585	594
586	20
586	117
586	143
586	153
586	158
586	184
586	191
586	212
586	250
586	259
586	278
586	288
586	291
586	326
586	374
586	379
586	395
586	414
586	436
586	461
586	497
586	520
586	523
586	535
586	569
586	580
586	594
586	595
586	615
586	676
587	5
587	32
587	419
587	547
587	603
588	26
588	211
588	331
588	349
588	362
588	368
589	23
589	54
589	109
589	184
589	258
589	581
589	651
590	11
590	18
590	30
590	60
590	61
590	67
590	98
590	130
590	142
590	153
590	167
590	181
590	205
590	207
590	211
590	218
590	225
590	241
590	249
590	273
590	281
590	299
590	325
590	333
590	372
590	382
590	385
590	389
590	402
590	430
590	442
590	452
590	457
590	472
590	497
590	505
590	514
590	535
590	541
590	549
590	555
590	574
590	582
590	596
590	597
590	615
590	625
590	627
590	648
590	650
590	654
590	665
590	675
590	677
590	683
591	53
591	207
591	276
591	390
591	582
592	65
592	251
592	472
592	555
593	59
593	157
593	207
593	283
593	317
593	463
593	479
593	545
593	570
594	3
594	8
594	12
594	20
594	27
594	35
594	42
594	47
594	50
594	51
594	79
594	81
594	83
594	84
594	104
594	106
594	109
594	114
594	115
594	116
594	117
594	121
594	122
594	125
594	133
594	140
594	143
594	144
594	145
594	147
594	153
594	158
594	173
594	184
594	186
594	191
594	196
594	199
594	200
594	205
594	209
594	212
594	214
594	240
594	250
594	256
594	259
594	266
594	272
594	278
594	288
594	291
594	292
594	293
594	295
594	301
594	305
594	308
594	314
594	325
594	326
594	340
594	350
594	360
594	363
594	371
594	374
594	376
594	379
594	380
594	395
594	399
594	403
594	411
594	414
594	416
594	436
594	449
594	461
594	475
594	478
594	497
594	504
594	507
594	510
594	520
594	522
594	523
594	535
594	569
594	572
594	580
594	585
594	586
594	595
594	601
594	606
594	612
594	614
594	615
594	616
594	626
594	633
594	634
594	640
594	645
594	646
594	658
594	661
594	668
594	671
594	676
594	678
594	688
594	692
595	143
595	153
595	158
595	212
595	250
595	278
595	288
595	291
595	326
595	374
595	395
595	414
595	436
595	520
595	535
595	580
595	586
595	594
595	676
596	11
596	205
596	452
596	505
596	590
596	597
597	11
597	205
597	452
597	505
597	590
597	596
598	23
598	76
598	80
598	159
598	184
598	510
598	517
598	554
598	681
599	211
599	356
599	495
599	513
600	23
600	159
600	184
600	187
600	510
600	517
600	664
600	681
601	406
601	458
601	520
601	594
602	4
602	15
602	25
602	37
602	43
602	44
602	45
602	49
602	73
602	74
602	77
602	78
602	90
602	92
602	94
602	95
602	112
602	118
602	119
602	155
602	169
602	178
602	195
602	205
602	206
602	207
602	211
602	227
602	229
602	232
602	243
602	261
602	285
602	309
602	312
602	321
602	322
602	343
602	344
602	357
602	362
602	367
602	370
602	375
602	391
602	410
602	418
602	420
602	429
602	431
602	445
602	452
602	456
602	457
602	465
602	472
602	477
602	483
602	500
602	512
602	514
602	535
602	541
602	546
602	555
602	571
602	576
602	582
602	607
602	613
602	615
602	619
602	627
602	636
602	637
602	644
602	662
602	674
602	679
603	5
603	32
603	419
603	547
603	587
604	211
604	324
604	513
604	684
605	211
605	252
605	323
605	362
606	109
606	145
606	184
606	186
606	340
606	478
606	594
606	616
606	668
606	692
607	4
607	25
607	429
607	546
607	602
607	679
608	55
608	89
608	297
608	481
608	541
609	220
609	237
609	288
609	480
609	526
609	615
609	628
609	687
610	23
610	184
610	274
610	282
610	517
611	7
611	417
611	449
611	520
612	8
612	461
612	594
613	178
613	211
613	312
613	321
613	375
613	418
613	535
613	602
613	627
614	27
614	520
614	594
614	661
615	4
615	6
615	11
615	18
615	20
615	21
615	37
615	39
615	44
615	45
615	57
615	58
615	63
615	67
615	77
615	91
615	95
615	97
615	109
615	114
615	123
615	135
615	140
615	142
615	151
615	152
615	153
615	155
615	158
615	169
615	170
615	179
615	184
615	193
615	205
615	207
615	211
615	212
615	213
615	214
615	227
615	233
615	234
615	237
615	254
615	255
615	261
615	265
615	280
615	288
615	291
615	298
615	309
615	312
615	313
615	319
615	325
615	333
615	338
615	340
615	344
615	348
615	357
615	363
615	372
615	374
615	395
615	414
615	415
615	418
615	420
615	425
615	438
615	440
615	441
615	445
615	446
615	450
615	451
615	452
615	455
615	456
615	461
615	467
615	472
615	497
615	508
615	512
615	514
615	520
615	524
615	526
615	535
615	539
615	540
615	541
615	546
615	555
615	558
615	565
615	567
615	576
615	582
615	586
615	590
615	594
615	602
615	609
615	619
615	625
615	627
615	628
615	632
615	637
615	640
615	644
615	651
615	652
615	665
615	676
615	687
615	693
616	109
616	145
616	184
616	186
616	340
616	478
616	594
616	606
616	668
616	692
617	60
617	69
617	207
617	339
617	401
617	534
617	570
617	660
618	211
618	323
618	362
618	622
619	4
619	205
619	211
619	322
619	362
619	370
619	410
619	418
619	452
619	472
619	514
619	535
619	546
619	555
619	582
619	602
619	615
619	627
619	662
620	41
620	61
620	162
620	211
620	324
620	392
620	513
621	510
622	211
622	323
622	362
622	618
623	651
624	297
624	303
624	307
624	541
624	669
624	691
625	11
625	205
625	211
625	452
625	590
625	615
626	520
626	594
627	4
627	13
627	15
627	18
627	21
627	22
627	34
627	37
627	43
627	44
627	45
627	46
627	49
627	67
627	73
627	74
627	77
627	78
627	90
627	92
627	94
627	95
627	112
627	118
627	119
627	142
627	148
627	155
627	161
627	169
627	171
627	178
627	195
627	197
627	205
627	206
627	207
627	211
627	227
627	229
627	232
627	243
627	247
627	261
627	270
627	279
627	280
627	285
627	294
627	298
627	309
627	312
627	313
627	321
627	322
627	325
627	332
627	343
627	344
627	357
627	362
627	367
627	370
627	372
627	375
627	391
627	393
627	410
627	418
627	420
627	431
627	445
627	452
627	456
627	457
627	465
627	470
627	472
627	477
627	483
627	497
627	500
627	512
627	514
627	535
627	539
627	541
627	546
627	555
627	571
627	576
627	582
627	590
627	602
627	613
627	615
627	619
627	636
627	637
627	644
627	662
627	665
627	674
628	6
628	33
628	39
628	57
628	88
628	96
628	109
628	151
628	160
628	165
628	207
628	220
628	224
628	230
628	235
628	237
628	254
628	288
628	289
628	296
628	315
628	338
628	354
628	388
628	396
628	427
628	438
628	440
628	447
628	451
628	471
628	480
628	482
628	486
628	488
628	493
628	499
628	501
628	503
628	519
628	524
628	526
628	533
628	561
628	565
628	578
628	609
628	615
628	629
628	632
628	651
628	653
628	687
628	690
629	160
629	237
629	447
629	488
629	526
629	628
629	687
630	174
630	242
630	297
630	464
630	541
630	662
631	11
631	211
631	324
631	347
631	514
632	6
632	88
632	151
632	237
632	254
632	338
632	438
632	451
632	493
632	526
632	565
632	615
632	628
632	687
632	690
633	200
633	594
634	196
634	594
635	23
635	184
635	510
635	671
636	90
636	207
636	309
636	312
636	457
636	465
636	483
636	541
636	602
636	627
637	309
637	312
637	418
637	445
637	602
637	615
637	627
638	153
638	211
638	262
638	535
639	109
639	184
640	114
640	209
640	212
640	288
640	363
640	395
640	504
640	594
640	615
641	53
641	207
641	276
641	582
642	297
642	487
642	491
642	541
642	691
643	18
643	129
643	286
643	290
643	297
643	312
643	541
643	691
644	45
644	169
644	309
644	312
644	418
644	456
644	602
644	615
644	627
645	212
645	395
645	594
646	173
646	594
647	259
647	291
647	310
647	414
647	449
647	520
648	205
648	241
648	590
648	665
649	168
649	211
649	324
649	387
649	514
650	218
650	442
650	555
650	590
651	18
651	21
651	23
651	33
651	40
651	54
651	57
651	58
651	63
651	64
651	66
651	109
651	123
651	135
651	140
651	142
651	152
651	153
651	164
651	170
651	184
651	190
651	207
651	208
651	213
651	215
651	217
651	228
651	239
651	248
651	255
651	258
651	265
651	275
651	280
651	287
651	311
651	319
651	336
651	340
651	346
651	361
651	373
651	423
651	425
651	440
651	441
651	446
651	450
651	455
651	467
651	473
651	478
651	485
651	497
651	508
651	510
651	511
651	524
651	528
651	531
651	532
651	540
651	544
651	550
651	551
651	558
651	568
651	581
651	583
651	589
651	615
651	623
651	628
651	652
651	656
651	693
652	58
652	425
652	440
652	441
652	615
652	651
653	235
653	237
653	526
653	628
653	687
654	11
654	205
654	452
654	590
655	119
655	211
655	323
655	362
655	573
656	57
656	190
656	440
656	651
657	297
657	541
657	662
658	158
658	510
658	594
659	184
659	306
659	575
660	29
660	53
660	56
660	60
660	82
660	182
660	207
660	276
660	339
660	378
660	407
660	432
660	444
660	453
660	509
660	570
660	617
661	27
661	520
661	594
661	614
662	4
662	18
662	128
662	137
662	146
662	174
662	194
662	205
662	211
662	242
662	297
662	322
662	327
662	362
662	370
662	410
662	418
662	452
662	464
662	472
662	476
662	494
662	514
662	535
662	541
662	546
662	555
662	582
662	602
662	619
662	627
662	630
662	657
662	670
663	14
663	110
663	184
663	437
664	23
664	159
664	184
664	187
664	353
664	510
664	517
664	600
664	681
665	11
665	18
665	60
665	61
665	67
665	142
665	153
665	181
665	205
665	207
665	211
665	225
665	241
665	249
665	281
665	299
665	325
665	333
665	372
665	385
665	402
665	430
665	452
665	472
665	497
665	514
665	535
665	541
665	549
665	555
665	574
665	582
665	590
665	615
665	627
665	648
665	675
665	677
665	683
666	131
666	137
666	211
666	262
666	345
666	535
667	55
667	157
667	207
667	481
668	109
668	145
668	179
668	184
668	186
668	242
668	340
668	455
668	467
668	478
668	510
668	594
668	606
668	616
668	692
669	297
669	303
669	307
669	541
669	624
669	691
670	297
670	541
670	662
671	23
671	184
671	288
671	320
671	395
671	510
671	517
671	594
671	635
672	23
672	184
673	211
673	324
673	466
673	514
674	74
674	94
674	206
674	312
674	418
674	535
674	602
674	627
675	61
675	87
675	205
675	211
675	236
675	324
675	454
675	513
675	590
675	665
675	683
676	20
676	42
676	117
676	122
676	143
676	153
676	158
676	184
676	212
676	250
676	259
676	266
676	278
676	288
676	291
676	326
676	374
676	379
676	395
676	403
676	414
676	436
676	461
676	497
676	520
676	523
676	535
676	569
676	580
676	586
676	594
676	595
676	615
677	205
677	225
677	299
677	385
677	590
677	665
678	79
678	186
678	395
678	594
679	4
679	25
679	429
679	546
679	602
679	607
680	109
680	184
680	424
680	467
681	23
681	76
681	80
681	142
681	159
681	176
681	184
681	187
681	510
681	517
681	554
681	598
681	600
681	664
682	211
682	262
682	535
683	61
683	205
683	590
683	665
683	675
684	211
684	324
684	513
684	604
685	211
685	362
686	53
686	207
686	276
686	582
687	6
687	39
687	88
687	96
687	151
687	160
687	165
687	220
687	224
687	230
687	235
687	237
687	254
687	288
687	289
687	296
687	315
687	338
687	354
687	388
687	396
687	427
687	438
687	447
687	451
687	471
687	480
687	482
687	486
687	488
687	493
687	499
687	501
687	503
687	519
687	526
687	561
687	565
687	578
687	609
687	615
687	628
687	629
687	632
687	653
687	690
688	133
688	147
688	158
688	291
688	295
688	414
688	475
688	520
688	594
689	55
689	297
689	481
689	541
690	88
690	237
690	493
690	526
690	565
690	628
690	632
690	687
691	18
691	129
691	134
691	177
691	286
691	290
691	297
691	303
691	307
691	312
691	337
691	358
691	397
691	398
691	400
691	487
691	491
691	496
691	541
691	559
691	624
691	642
691	643
691	669
692	109
692	145
692	184
692	186
692	340
692	478
692	594
692	606
692	616
692	668
693	18
693	109
693	152
693	340
693	615
693	651
